69.86294145130917 -55.610261932456936
70.16257136971292 -55.1344048920859
69.68748444726866 -55.56730530211538
69.36916215510429 -55.49888912446934
69.00529356195445 -55.29201715437153
69.40686202797274 -54.978544955596384
69.49779409192779 -55.57343606505276
69.23201134669476 -55.51169749150696
69.47502751473068 -55.50888042679854
69.12716546158165 -55.400413237728806
69.02190418494308 -56.132800617972656
68.92895572050018 -55.56383312724811
69.80107195134944 -55.551931640976285
68.9307708091832 -54.864436509629286
69.16888904053161 -54.937334757561196
69.56694787216472 -54.716787500741425
69.16352248769404 -55.88795030202181
68.69874408608311 -55.83336901503559
69.27375843045192 -56.11408887073832
70.38101637618166 -56.068488166807086
69.86774162459292 -55.54582992675919
69.59928917850004 -55.59456206468099
69.87566559007624 -55.332960052688534
70.06391985548639 -55.460312775607996
69.37495518390756 -55.90286150376119
69.53319541110105 -55.69153484094582
69.61892348150997 -55.59894144175709
69.67500063558082 -55.61000128095466
69.6254770521993 -55.572612792933704
69.66369186661781 -55.595266897876236
68.84169324256354 -55.684765926717255
69.59347714721598 -55.60597545020069
70.38099736391314 -55.74967960329871
70.44676573607977 -55.564695995598406
69.46032414422852 -56.12286200410008
69.24935705525107 -55.915005252463466
69.94648805485076 -55.542585868311754
69.47983420836856 -56.12318660620663
69.08972215566486 -56.38532626988737
69.13318220989318 -56.468297118868236
69.11826179940533 -54.74806398576993
69.73822752275504 -55.82626658259047
69.6708654947817 -56.49258295508985
69.45295661039248 -54.80677587354872
68.9775545321605 -56.09711224920267
69.91569220579359 -54.95788030727175
69.68228157841337 -56.30280328913029
69.61210109390427 -55.594617304618744
69.5703566110536 -55.44288457450074
69.47203245132447 -55.771376938633146
69.76279131635916 -55.45344690366882
69.51937876993497 -55.56616505609244
70.08433477844152 -55.91285310158397
69.4478725150765 -56.063492643475854
70.26942430567847 -55.436891217164586
69.5788075130913 -55.694335149146994
70.1093817552837 -55.791085348896786
69.68364618991669 -54.73990858659483
69.64277147247192 -55.69313106219629
69.3419443109626 -55.40380348697924
70.27790435371462 -55.389739619206765
70.08023026800807 -55.584354157746255
68.94476450802063 -55.80191214041738
70.44835540107623 -55.67219390721887
69.8248347068449 -56.33184645903399
69.79873253063028 -55.65182859368915
69.7045590901987 -55.49475296305424
69.59062908584335 -55.94838944928921
69.87396320398771 -55.39847286085936
69.64791542263275 -54.739074669691774
69.73279917130064 -55.65376236394342
68.87115734322337 -55.41955209336111
69.78390169644429 -56.20733306737463
69.17663605362075 -55.84507717078318
69.76829372672505 -55.002636122467614
69.23814275124123 -55.40646272485055
69.59759999642992 -55.55497019762263
70.02399828813913 -55.85224592683166
69.73226217002536 -56.02234712891208
69.72469494314409 -54.92148340375264
70.11271172833325 -55.10647160118267
68.99761818366225 -56.290245479541106
69.58202635812826 -55.98302388035508
69.13137733793982 -56.081406084914505
68.9032207137104 -55.886090184347594
69.19228862518602 -55.651324513795316
70.14131611354547 -55.325810047157304
69.43541843894167 -55.646833598423555
69.71038326903074 -55.11551256471107
70.24771368305244 -55.815270800976336
69.50101884068044 -55.38422487372089
69.56442360337172 -55.604721654020864
69.48164869443919 -55.5103798402648
69.44222881933668 -55.69221094310409
69.36099023151645 -54.929300849248115
69.91466268746828 -55.91123163367347
69.074287239313 -56.0322976435064
69.7302778460069 -55.46851696727209
69.45679654847822 -55.5033995251873
69.5001385275011 -55.67083776722903
52.675376538754065 -78.30391379319292
53.582993426462984 -78.83601151677179
53.8290883924513 -79.14971996079636
53.895499910329725 -79.10047827711867
53.88812021666796 -78.66455827185331
53.323697819918316 -78.78514967504907
52.97224665840475 -78.37583246615074
53.519681342999874 -78.89300506955612
53.23953474949032 -79.2344789506376
52.14670592030738 -78.80487415017942
53.25981029272504 -79.83749954131686
53.169055017500064 -78.9209013638997
52.78055976362429 -78.43576422012248
53.47355259206997 -78.41877516720263
53.63267158543945 -79.15974967296238
52.80950474514065 -78.88355512673378
52.62375138685049 -78.71577316728573
53.54352563889065 -79.67582452881314
52.35624690327856 -79.64398956089846
52.10887685860337 -78.9142354702404
53.45394654867598 -78.8085122604126
52.6253943558119 -79.22263177058942
53.51180050514176 -78.36615833462749
53.44305931742807 -79.62018979013374
52.79858411168961 -78.46855171418918
53.34048358396861 -78.71398572330968
53.00280800223561 -79.79226266249246
53.31949055395003 -79.18005542554103
53.087268452972765 -78.96144588597598
52.36716432330086 -78.64281324322685
52.415604740531116 -78.98229635459805
52.93557863426608 -78.97234914076228
52.70113297876744 -79.12672341672742
52.78340649068991 -78.6406065053704
53.117384088724194 -79.25378295710355
53.24313684324799 -78.2877195786513
53.22421402493955 -78.60257093890459
53.08644984249051 -78.29590937432242
52.512686705208104 -78.69770902259181
52.825422671226384 -78.54625313420797
52.58690450990822 -78.81837461789493
53.283354182206445 -78.1161126746055
52.603205315314966 -79.27923211129985
53.076192815541745 -79.48026183502378
53.075005731106465 -78.89399647894386
53.08327162462801 -79.45550901709053
53.28690907778128 -79.70624818056318
53.314798640360955 -78.91138842559877
52.298245940167305 -78.41198006241017
52.712177710306655 -79.35099857322146
52.997836718643406 -78.94245664449103
53.21973409468038 -78.25401366226521
53.31601063711767 -79.2276898931763
53.48305252013901 -78.58964820828794
52.929721942719915 -78.97870570023495
53.63740147438256 -79.14750465724012
52.57214547550174 -79.30662150176738
52.48581482248507 -79.41558275300207
53.10782174681199 -79.00376033952617
52.7336719503905 -79.0680446380968
52.409356035304135 -79.62454666858248
52.86380655034601 -78.80018237171384
52.82037837559764 -78.16509629913196
53.53860719667349 -78.31815575135846
52.74015565461122 -78.96824829186012
52.17938502784888 -79.0939670130692
52.74077262232474 -78.63916927657152
53.577020092906366 -78.75934491107087
53.38259704070446 -79.31230103298032
53.0854403964825 -78.05666379338773
52.088214764149875 -78.70939610831383
52.32558326431057 -78.69698071438445
53.646680401638065 -78.34315088239087
52.35386733871975 -78.88022601319048
52.92006938819806 -78.31838937494837
52.16420297207596 -79.28375990927577
52.75445015170237 -78.52193749756174
53.3585626692197 -79.85165210746895
53.479486270265504 -78.5460314271564
52.406216475044076 -78.4960567806802
52.90850692720972 -78.8888089408534
52.50923036277523 -78.83144399886852
53.00071206297261 -79.89392973275534
53.006202015135 -79.5349107330344
53.47351574946768 -79.39070252680261
52.13184948342931 -79.48948902141889
52.72627088002412 -78.92939754061106
53.33795576208208 -78.5816165987792
52.87606332237202 -79.52063076668912
52.39384255499431 -79.44830870455098
52.83618641372535 -79.06971823920445
52.23663349308602 -79.18312514009823
53.024665055475126 -79.84843715108371
52.81095920167911 -79.69573110317543
53.05332503705016 -79.21636961246394
52.524726648336014 -79.1327832787245
52.33079852571628 -79.0248119010657
52.69952127973704 -78.87974917534251
53.150034906885395 -79.00733811966431
52.959570024769825 -79.00770756108905
24.289246960056225 78.92938412249914
24.66398643704627 79.03454169747708
25.02641649050104 79.3491929985594
25.393673548948815 79.13361471970234
25.326231928356815 79.78838393585269
24.769267513652554 79.77956864667543
25.5378939207082 79.35239135419184
24.21101639908099 79.19497781296347
25.163993005386697 79.12621632617311
24.44354127572007 79.59821384001795
25.045968877194042 79.4122804065028
25.039039175215294 79.40681249745337
25.22165400070635 79.37687757536409
24.837124670741925 79.96909040603268
24.94890133181414 79.41594108332771
24.900773253110444 79.6327407393096
25.061446591756035 79.34052063961553
25.148855954441043 79.25502846706539
25.427358658243232 79.74641874626685
25.795988833685218 79.37688585623064
24.702610825149172 78.5852442853904
25.1447252369309 79.43178742386192
24.937389081434432 80.23287753032504
25.02837813562498 79.7929770310326
25.049528883654556 79.4262896154863
25.477549532376827 79.93140097480394
24.45646204714893 79.09738590230998
24.449274111674743 79.48863328993619
25.087297521824205 79.54129192414645
25.005233019131342 79.4748239974728
25.758500568963612 79.50057726107197
24.731709543200715 78.95949040953442
24.609752647603525 79.05360088277324
24.73993893732656 79.23960759683705
25.375766577985235 79.3412430826097
25.141499524701498 79.78862615304078
25.470934386729688 79.99983148357684
25.091851959998227 79.32571124877691
24.83634013857394 80.25635742229444
25.69039988757793 78.93355048155827
24.938080499982725 78.78471675043785
24.8160089635835 78.71934910551141
24.69471819323462 79.33291012994827
25.038894603658317 79.34744061728954
24.1893849104745 79.55933275623295
25.28016902677712 78.67754808919175
24.922846963578085 79.44343212773263
24.972160732249204 79.219785931164
25.050786422981858 79.3887145711586
25.4006788395903 79.180798953727
25.132275313018475 79.68107471616919
25.429710884914353 79.41255188076481
24.750622750099563 79.41466597088369
24.38205734263799 79.95240210684443
24.985208754208298 79.44352669969795
25.229741312843224 79.56983680084136
25.24439499964787 79.64617468789481
24.940022839909 79.21151541168744
24.713019982958006 79.53685923974774
25.149830490849006 79.34595402118873
25.71333625561809 79.07703961133484
25.260103272720347 78.50146374448858
24.652749677875242 79.20062969160506
24.53762494434497 79.58630988551545
25.539634215641165 79.8547093131653
26.035966652520624 79.22572273066109
25.114157081373882 79.67045690993605
24.59324660379109 78.79499432733854
24.492410568906912 78.86345348482944
24.802994096526554 79.20338155932558
25.041013538770855 79.39060108123851
25.243247581210397 79.13328780705632
24.355154698574694 79.32232303104055
25.075503132468114 78.94129045704034
25.021221086475393 79.4139222954814
25.36615561957433 79.53311732076935
25.294181621639932 79.48240517153195
25.768570132810773 79.88764893945022
25.6736318969108 79.16183652433162
25.055114562451426 79.0079856222415
24.980260446563246 78.69480078942111
25.54254869217471 79.13560145524968
25.972804581934728 79.73446165897552
25.06512550978333 79.39153206220675
25.407645269939486 79.37622095783122
24.790733868973067 79.72974723658231
24.836297356411844 79.57808495113323
25.911597294175163 79.55327146285643
25.056036082978135 79.34765500564882
24.84035507796211 79.47136501691703
25.012396319927195 78.60401812818466
24.9955918931133 79.40196574309981
25.344350022058418 80.08288888479294
25.05243272045529 79.38689696215675
25.435258444722432 78.66596874509732
25.029072718861304 79.98634209076047
25.39342252099069 80.04731501634905
24.31434092440513 78.83553319155001
25.06350637707195 79.55806885217667
25.09401434077854 79.28426295141554
42.52148714704604 73.55028553853478
43.103640629032185 72.26607980538788
43.11241170531579 73.4210034014937
43.58462840402569 72.71362649284218
43.28653098037628 72.96531856834858
43.708856413060005 73.13445124675192
43.25371335770086 73.14733368753593
42.76299197656055 73.20689441223578
43.3892647444963 73.22630029540527
43.418432245677856 72.97655130636969
43.43177421874468 73.24591394049126
42.92869171582391 73.21533867057227
43.48396711930213 72.76413295507638
43.398917155221056 72.31228367606195
42.9690807004652 72.85459587138823
43.323630828447236 72.97586563672867
43.312344693718856 73.30294343906981
42.40690778872019 72.74628391513734
43.08503465265716 72.87170209756532
43.24291173113374 73.26030335716754
43.40505457351357 72.9444284873259
43.38620977089484 73.08559327486846
43.6555408564299 73.44513661884065
43.697441131522375 73.0370099161874
43.307288675228506 73.08475469085153
42.9973124087527 73.79131240009013
43.460631201141624 72.6609270172435
43.53618942397079 72.76362893550487
44.05986247428111 72.93490595163865
43.624484593969505 73.87903753116291
43.46189579446136 72.91434570336881
42.661611388017 73.65337389960146
43.339714591545075 73.56018151161521
42.51501661676172 72.76281608946422
43.52781677859719 72.98860384859648
43.93549930887448 73.45651234893849
43.84362173569234 73.50549066262218
43.06315115402297 73.69267636950885
43.9836254129211 72.68965204299083
43.31626326868022 73.04247868247029
43.878136742049435 72.84800835168826
43.28500068721709 72.14414088295464
42.450472276294526 73.06660688692855
42.838550762775654 73.4251918123298
42.716367424209594 73.76315005907261
43.88310501285962 73.48733959266096
43.13700174569258 72.69810054137706
43.28372147426239 72.36245258602872
43.578041557712965 72.76338075071924
43.632236448849646 73.13868472879227
42.469122096126725 73.41612887758178
43.298317423378926 72.79863952682247
42.997231822729226 72.6603953414022
42.837166347242245 72.83294082597797
43.05952347455929 73.19360724846227
43.0654268742885 73.00558345885977
43.17008396359491 72.9757688029395
43.33437388705033 72.90366141048015
43.980061355972936 73.21079382325496
43.09620870520471 72.67635826612566
43.4477479969243 72.92901393674826
43.36189608989816 73.06672645537795
43.58412033051987 72.83435858427026
43.82271011847162 73.03737233793588
43.3168405794761 72.96042420471663
44.081553956961585 72.42110268445379
43.33342546045914 72.85139258181779
43.755851787496155 72.45144764889093
43.25385259889786 73.4518184790277
44.264344619630755 72.87476229662379
43.290129777399 73.26630476057167
43.911668801729604 72.30059810454941
42.63572728215025 72.55757167977787
43.16025217781213 73.87494617366177
43.591363677788905 73.83813435736748
44.27018127790499 72.70549407130085
42.793034505612646 73.6414897729995
43.89384766263312 73.52753079839735
43.31932619514826 73.02063096843975
42.951349190690784 73.1519594519509
43.68375623860897 73.17343948598479
43.25547591387638 73.00843992837441
42.5668784793104 72.87602874166949
43.39757082945305 72.81067697620969
42.99603873236396 73.14467145162537
43.37369937139825 72.81872607978626
43.51093859896001 73.37605002949643
43.635144267430874 72.9953978519103
42.769985078372294 72.96205459058109
43.14428931064596 73.11298522287977
42.79927329059592 72.67088864188379
42.82812979518813 72.18493347411584
42.98266160784172 73.56780893375793
43.30943839994509 72.71227586692757
43.39058566946484 73.01922753658872
43.61486771357722 72.17747340324206
43.31466775994343 72.54499182990227
43.48065898041832 73.388400168984
42.874335041536554 72.86124146680241
42.61182220099632 72.6243576699279
-23.927279112720914 -50.64823904665007
-24.077975869964085 -50.00566571789644
-23.808339138736645 -50.67317944296804
-24.0779803100439 -50.10578013048228
-23.656115623397262 -50.62833132126506
-23.296248036658383 -50.60613241599901
-24.16307256754927 -50.6198255817099
-23.176915301120488 -49.65304394226146
-23.406288332792013 -49.71669104849539
-23.959031298499465 -50.563498752863154
-23.31086215079409 -50.077205144409724
-23.370045242742307 -50.42968584793713
-23.43452287828575 -50.451551535152575
-23.726861757739304 -50.109550675436786
-23.366569995246515 -50.517557640150336
-23.444071609381233 -50.06226119006246
-22.954477965171904 -49.64171871733916
-23.46384106050123 -50.25381990267131
-22.73258245414073 -51.01520706391914
-24.197120938035756 -50.72886655092876
-23.51977055142078 -50.8292378609062
-23.306151143834928 -50.47326331690049
-23.50581545925683 -50.37171834269002
-23.67575184085397 -50.208435812535036
-23.26871641885504 -49.78331253029369
-24.01455258641167 -50.60684906597788
-23.40660109377156 -50.53344589319063
-22.565997641374224 -50.82472390148731
-23.071651675713653 -50.9581795429589
-23.12398412567647 -50.60947795815089
-23.410274815516253 -50.44600737876763
-23.450480460201153 -50.43325548180306
-23.30997558230441 -50.453142508033146
-23.855239477674026 -49.67455241230309
-23.51367905511157 -50.23295814306442
-23.371207481360013 -50.0125161513966
-23.06463259660262 -51.152309217991814
-22.964373590260763 -51.00835680379373
-23.745368101173163 -50.368656024050075
-23.249825857522865 -50.46008779464729
-23.484501617995146 -50.40783553444486
-24.008279757489873 -51.06582117871546
-22.950966279864133 -50.826943382780165
-23.85240271146638 -50.82243478427045
-23.430165517507227 -50.42135714671165
-22.53033947663082 -50.43524140513075
-23.979868467516816 -50.37012336053464
-23.79713627031876 -50.262653793508726
-23.689863146374655 -50.513910597859
-23.56426855679976 -50.385333160084876
-23.475710200396275 -50.39010573286323
-23.13087893508942 -50.949886380138295
-23.23228318809658 -49.806076608572134
-23.15131353739853 -50.82924128597202
-23.402635279811204 -51.26296509084885
-23.517071412645763 -50.22798054868463
-23.927593787044096 -50.9997578893832
-23.571345657517636 -50.73906451914903
-24.23783624174628 -50.92797702785363
-23.50583166305194 -50.008285344310856
-23.450447954129938 -50.66560279031034
-23.370862202052972 -50.34150681639136
-23.385788732062633 -50.51332952633906
-23.58314642122454 -50.350657078323444
-23.793816343912333 -50.51073613952664
-23.08479388852072 -50.710419831222005
-22.73509540484723 -50.08949385673573
-23.696680883223504 -50.12314220333839
-23.91555635167384 -50.49163772759709
-23.279454507626845 -50.65927191431496
-23.258707361644113 -51.40847822345834
-23.357172029702 -50.84058572830601
-23.56858004679504 -50.33065194956582
-23.51153687991238 -49.895744165481055
-23.576472915512472 -49.84117056014317
-24.27768399065617 -50.053844233630294
-23.56607833153574 -49.52959266790746
-23.092988181394553 -50.9715132224291
-22.969890022544412 -50.43891817201132
-23.305775897311293 -50.484731554626386
-23.590146424152994 -50.050994285200595
-22.935347399532567 -50.251515496545835
-23.49032999778978 -50.70182276099698
-23.462922062213526 -50.65533586606273
-23.25410262288773 -50.50401968788765
-23.406658447864313 -51.05301013134265
-24.251542855117254 -49.981391309982726
-23.8828410042358 -50.92085593657468
-22.951524400644335 -49.96802738209936
-22.930040670395105 -50.52579864760534
-23.50051127624739 -50.666885090134286
-22.859883145202293 -50.859404296436104
-23.805245895670275 -50.47131737925253
-23.476642422265506 -51.38548945298445
-23.317503130265305 -50.36742844094742
-23.275655488173 -51.031914297108806
-23.425165233808727 -50.94413431785521
-23.08030997336755 -49.85937625906843
-22.77541088084392 -50.444770715706824
-23.772263461454138 -50.83626038624263
20.164408314737774 -71.44969135153794
19.89375614095663 -71.56391620904614
19.599284313476165 -71.5581743437928
19.13028529633145 -72.05895334818801
20.636669517271763 -71.55129536914394
19.621119233445473 -71.48083320066401
19.16706434980291 -71.93402810705943
19.433882058270353 -71.1895482717371
20.180498507228577 -71.23546439684209
20.464702398280348 -70.96751388309067
20.38571209776033 -71.74779986861353
19.62309588051174 -71.57801696988031
20.34883039276736 -72.42180190932916
19.53289706841071 -70.93673718934265
19.59837869661304 -71.39902835719235
20.638056176871114 -71.5629678190336
20.39174825394408 -70.68162132305876
19.92777386574638 -72.35360372557476
20.529612613184796 -71.4242355225801
19.488463410540582 -71.25344566855068
19.446760327520643 -71.97594937515821
19.93952454195712 -71.11028581830165
20.543562117759897 -71.24755273952312
19.460521846791366 -71.75474782414204
19.849192207452763 -71.34097594479789
20.719250576000007 -71.04625965960761
19.99672064891677 -71.5554381285288
19.689565441716113 -70.85865177240683
19.508638053599967 -72.30137482246668
20.306711506545202 -71.6133407856539
20.585842307947196 -71.56763066054573
19.87606438052243 -70.97967682508529
20.004984340090495 -71.61979415596399
20.11258090691745 -72.32896798695883
19.05698480508591 -71.64444257206075
19.939465493128015 -71.39777931259708
20.74087620941687 -71.26556640092551
20.37594098228782 -72.14495299698666
19.45847491175744 -71.36895241807422
19.84476357115355 -71.51185947494446
19.8840726352601 -71.68542517904554
20.03465974694704 -71.17715376518053
20.67923064952881 -72.17300198356594
20.417666580034716 -71.18719033039395
19.298192240500637 -72.00629576937966
19.547290311806165 -71.64717627421041
20.26116454597192 -71.38205892141096
19.461559140814533 -71.39309979314119
19.58127679968572 -71.4543983230015
19.20488870865128 -72.19148328784092
20.59666553745398 -72.05024436968655
19.74800152765663 -71.55017893347625
19.228411272381013 -71.40825001709892
19.929591134192677 -71.52302609575435
19.625279656663572 -71.05635145645411
19.913784798950054 -72.0755126547841
19.908946087572 -71.529870601011
19.326784738315418 -71.83610860978595
19.774880892778697 -70.9367851649047
19.647501118344902 -71.21135146495153
20.754565957465754 -71.04287668969806
19.750217647696168 -71.47810296063736
19.403238072167575 -71.84173648273742
19.91964900101778 -70.95382853600537
20.889351691075262 -71.37964317698126
19.55806618370746 -71.53744489020909
19.653704572899873 -71.9496984168353
19.795313528293857 -71.58466172661338
20.110772126254236 -71.69188780530358
19.919549494073596 -71.21168428802221
19.26546919898522 -71.16003471421354
19.895520579046803 -71.26408222506574
20.176673948962577 -70.70823166886457
20.218141771708268 -70.93780834128594
20.36219320542583 -71.77706975739433
20.842180298360454 -71.60982054439317
19.88233513245336 -71.5889639177796
19.91363381806156 -71.53524955028955
19.85441639792167 -71.46272844010639
19.83772022418504 -71.54646737033198
19.94264563385947 -71.54554522960849
19.877600759955197 -71.47165680841573
19.797336024842938 -71.27715959742409
20.8116596961051 -71.75924480260868
20.102668751665085 -71.28852428224951
19.60048851061966 -72.02195386789325
19.6836218957359 -71.49772761296624
20.11556839731572 -71.32510410963616
20.63794884485096 -70.84960890817744
20.124797571804123 -72.02217258478755
20.740939841604842 -71.66223175381387
19.88001409219993 -71.72187824670748
20.159421374867417 -71.41929853317805
20.506557189051428 -71.49355484706656
19.598908300834655 -71.1482153549643
19.5714421841564 -71.09366965627612
19.916048926640656 -71.53598376377668
19.77400026180431 -71.0370777170524
19.64770702669917 -71.63799465340453
20.154062274677706 -71.28486657322702
-8.97924532633927 -32.61916535619319
-9.187267718387767 -31.41402495772793
-9.21672798356328 -31.873329078214077
-9.088972913655146 -32.5190930617192
-9.39450353542598 -31.57644080865323
-9.063174175301786 -32.144275027253705
-9.58828334842164 -32.226370996864766
-9.844541218482505 -31.768823640129206
-10.05143663123437 -31.456643796414134
-9.363186342761871 -31.385215770395135
-9.972162129473128 -32.14900410770706
-8.591915681742893 -32.17638113205185
-9.451166788780679 -31.62935041520411
-9.503095405696842 -31.651265359047166
-8.819439814040296 -32.53680284445145
-10.079644749984556 -31.930995071740472
-10.019683017572625 -32.233153006397046
-10.186852102707554 -32.27511123325573
-9.135297179051179 -31.855609239080046
-8.839229962564405 -31.698992881334764
-10.416378967260004 -31.82832184590547
-9.703725174668309 -31.011149272884325
-10.368644432716351 -32.24718865171709
-9.319493317850064 -31.063361588946286
-9.737557746571024 -32.202698952338594
-10.152872409751211 -31.528671240747197
-9.48345164060133 -31.863743661505207
-9.560616008958496 -31.954591740274758
-10.160033853731019 -32.262036140873086
-9.517018657452853 -32.098405362726446
-9.71991058436046 -31.086165084521795
-9.389074486486155 -31.919306300508104
-8.945414732522075 -32.496065237239776
-9.471019511446608 -31.891999383130365
-9.389020813178366 -32.84267369349841
-9.259352848124935 -32.42857835528443
-9.403151961593636 -32.04369687514736
-9.363618094553427 -32.62355854927033
-8.863301400921527 -32.266526743495845
-9.45016651919535 -31.87596372340118
-8.774543470699541 -31.94335966645312
-10.06594062347639 -31.708246367303634
-9.31021903621702 -31.926048200327372
-9.845227842501819 -32.17612412219624
-9.477435454333543 -31.943466278972696
-9.476815539151232 -31.938390152682725
-9.405059729539246 -31.677678329387874
-9.481357866875792 -32.229777975103005
-8.593505622436755 -31.936658897596708
-9.86086175514638 -32.11131470950984
-9.52453960347185 -31.485720178355628
-9.477637813373752 -31.165376995939276
-9.69315221328408 -32.049016277256236
-9.871942055262117 -32.50325738561133
-8.895696852974671 -31.383950453234547
-10.373045183658887 -32.07830314727411
-8.676372481785416 -31.839664189988916
-9.083912892641294 -31.837617392616377
-9.452206061271268 -32.552401035962085
-9.617964184126118 -32.301122934020086
-9.597611397490427 -32.611925097417235
-9.589156814871222 -31.395761091742173
-9.77868781789479 -31.998364119752736
-10.015059156903709 -31.13305817842903
-9.42653985743417 -31.87518914934781
-10.1467626458333 -32.207143043201306
-9.016228371708097 -31.773405988508635
-9.67137165410086 -31.168100188261725
-8.515812538589074 -32.002677994224506
-9.597820448528728 -32.007206719140946
-9.675800288622721 -32.05972087305467
-8.952887386220551 -32.731466264669386
-9.159964191853712 -32.65550280712967
-8.873958626505413 -31.843903923016935
-9.453191179770322 -31.93046080974157
-9.364133105654133 -31.960972374673844
-9.365354649135433 -32.303293591005044
-8.919199969162673 -32.59955825725956
-9.710227434226095 -32.811460369078624
-9.140887770803323 -31.927823897153473
-10.092262631658809 -31.413653461094864
-10.028370179122724 -31.919603573208082
-9.123338856459497 -31.855814383692678
-9.212400922241951 -31.91911593300032
-9.192910512067934 -31.768110245611254
-9.788792635245098 -31.722343918669427
-9.276475272323001 -31.77598538740361
-10.275863377924253 -31.822154382469776
-9.747667882566263 -31.126860740769846
-9.421397090817889 -31.331200656286644
-9.983647406792361 -31.777157246525817
-9.822033279487652 -32.47886667974884
-9.688054946285858 -31.509426395033312
-10.291440673458514 -32.39791695669683
-9.205741720517969 -31.92496775725506
-9.278561835653166 -31.35995242211552
-8.978319743395012 -32.497481679452754
-9.06911090403661 -31.75481789691111
-9.862214796901315 -32.18758735823019
-8.825245294967258 -32.36816618704094
82.03785293679994 -20.427114863799346
82.14861826241925 -19.68429454219799
82.09099575930532 -19.447971334320656
81.74088151379951 -19.70603407751291
81.39764308517019 -18.932044706546932
81.37200987730012 -20.010950073831964
81.39216766771342 -19.995063337859644
80.99872443273041 -19.85394203895343
82.09749802602641 -19.778947909767044
81.6086388374322 -20.55121163442669
81.72802764069313 -19.734210357667603
81.11932461869678 -19.56700829172278
81.95101915383495 -18.93458594822031
81.56121618028638 -20.115335920947036
81.47391612914258 -19.277121746629373
81.77438918140703 -19.66092763891876
82.2678160250677 -19.899180371817152
82.03575634960482 -20.352579330470004
81.54049456593349 -19.408933750253
82.23927823429881 -19.09269793639188
81.74994660988773 -19.78787639227671
81.63566658972061 -20.125475048420174
81.5815186864216 -20.480867295219063
81.14263598538422 -19.962339635517488
81.48187653881173 -19.116448502168417
81.82528833973659 -20.249067800873192
81.5309750745164 -19.442989251186578
82.32842528089627 -19.687841495339782
82.14638430067984 -19.40732397273327
81.49658011098347 -19.848616620845696
81.87436189906742 -19.749231680608023
81.86038379973468 -19.49297886482777
81.6072383016216 -19.653079889856922
82.54796119120469 -19.797840393873262
81.8778043435115 -19.041691876543233
82.31588328213604 -19.163566827643123
82.1865381435148 -19.366712767534448
81.8939782416508 -19.795303796521612
81.74570973748826 -19.740273949954528
81.63779860147211 -19.729655243866393
81.51253281288467 -19.81767541990035
81.9123153791277 -19.714847609955832
81.77052175434886 -20.075800811382994
81.72968076591167 -19.73459138699613
82.49078065037216 -20.078858559935977
81.92528141395188 -20.372893728773008
81.63208503315155 -20.42214943176293
80.75707975238053 -19.67734646069579
81.54387869307038 -19.846000387854687
81.78010438580921 -19.735268526826125
80.75439460441193 -19.848877281385946
82.06155552607552 -19.08906143069355
81.55168996008724 -19.314279800295143
81.16742109601662 -19.532996272857154
82.20468885280046 -19.759400815298566
81.63503581342493 -19.635722451177717
82.07720813043692 -19.927555829801165
81.64119985185921 -18.865696993598316
82.45079763303379 -19.958209947682583
81.36854208350267 -19.427514418153002
81.14604331595555 -20.14758018618262
82.11415279315906 -19.838285834665594
80.9475088715874 -19.70536626572152
81.74085016197304 -19.73692960448093
81.10393984459311 -20.244222308235127
81.81210450482898 -19.066916514880667
82.5569218880288 -19.556128737874513
81.70994773960633 -19.70958404543963
82.49976878889082 -19.479058005473398
81.57783885318885 -19.2278131877462
82.49487654479171 -19.756507777029896
81.68738185870689 -19.767297739518547
81.56250925179035 -19.350493816994298
81.19471822322106 -18.99664235443525
82.3920183499556 -19.988095449820474
82.0987356837178 -19.835388463968574
81.60216751484973 -19.169602271339624
81.57891205120774 -20.16192033116746
81.37565317492576 -19.117032950172565
81.12173071803473 -20.24225423994374
82.1094662586623 -18.824654352307544
82.58928570580841 -19.67043224326503
81.75952332276376 -19.905454154339683
81.44179636342915 -19.54557910351861
80.9639816766943 -19.484078251583174
82.21400279824262 -20.5856402516502
82.52053635934526 -19.849806424099434
81.98338627391848 -19.610249067999117
81.82610903247685 -20.306497604591147
81.79260108972497 -19.93296222757704
81.14362043256214 -19.794194382372247
81.82900018640075 -19.632856020796837
81.75763251203894 -19.72729120404036
81.73655744361164 -19.118540103811952
82.42279310650387 -19.9811092882779
82.63309092933785 -19.9101891266757
80.78585314954904 -19.812467390094582
80.85551824004735 -19.528373805588824
81.7301763861722 -19.72083231168071
81.9026238926846 -19.599633731123973
-93.03610134745591 -93.6641696637679
-92.94130650659847 -93.92426861688242
-93.55132689542079 -93.94053504530784
-93.19171832625635 -93.46715238763817
-93.12529183814472 -93.8523946868378
-92.57587256048843 -93.85121482021762
-92.84686624365203 -93.53934102686398
-93.06292971294266 -93.64859285734455
-93.0272995517456 -94.08709705207448
-93.78323700379713 -93.26749317623026
-93.04572992188461 -93.71573086208451
-92.55790832523105 -93.51897261317588
-92.14949480659388 -93.49155157306348
-92.95289358912461 -93.32775768007028
-93.61947579303371 -93.56751339052782
-93.65720310005509 -93.36890371970742
-93.03592314768183 -93.56526371545496
-93.29477340070933 -93.363890936834
-93.31566958377135 -93.82350669925069
-92.68413058493195 -93.88273037144498
-93.41746126104688 -93.16540346074441
-93.65779763323708 -93.6592411623347
-93.00114918931165 -93.63337082746013
-93.10216068921167 -93.41000477301563
-92.96690534736658 -93.05653258152212
-93.77221343053307 -94.3036860218992
-93.44697699986365 -93.9914591495686
-93.01400589958706 -92.72193369592145
-93.51999344483937 -94.08208790432079
-93.32949573501246 -93.50174259335196
-92.80209412441755 -93.53294992568073
-93.40950580945207 -93.05151878415377
-93.12272239173919 -93.59932334437491
-92.13369365791851 -93.61057487910008
-92.48099183209361 -94.30947855153686
-93.19740254713999 -94.00072513031522
-93.31107304511168 -93.7112582033532
-92.75672847532377 -94.15678184526243
-93.22715275552696 -93.37338491630899
-92.7113457860106 -92.92969918165643
-93.27768143897495 -93.63282395121523
-93.59791381997113 -92.82397617864672
-92.81427001584854 -92.7671835624179
-93.51507897838059 -93.62165927007757
-93.91714547248097 -93.5019425428598
-93.30340921581097 -93.43046971505866
-93.0361430158943 -93.60700515519035
-93.79726040105376 -93.95458317362632
-92.79693393198484 -93.63212714541386
-93.16035168312992 -94.38806056584991
-92.49596254728336 -93.0455056238956
-92.4962881662306 -94.20118353510702
-93.61278466896712 -93.55711509960578
-93.15577403159887 -94.08686531314262
-93.1550694519306 -93.98031410288031
-93.56451775159302 -93.76264416884584
-93.90961374394222 -94.05044297470121
-93.02675977535532 -93.28866441872366
-93.06772435887396 -93.23703525143719
-93.65296531907424 -94.0593202645699
-93.1383199960005 -93.80608997703595
-92.98700739296812 -93.6212233890422
-93.05070555295768 -93.55513276928441
-92.94341614473599 -93.55132265590586
-93.6394893887351 -93.53442398943753
-94.06901743923827 -93.3075634722861
-93.29086143138562 -94.03934707433118
-92.74085227255594 -94.09164739803269
-93.16918442713896 -93.50182552986254
-92.54134966155831 -94.08024739355088
-92.42168397231298 -93.1071557758933
-92.64802625981898 -93.81364857546426
-93.34142201328524 -93.85887452851392
-93.36340790338123 -93.89977197049053
-93.04420608199447 -93.82330414283457
-92.60672421547561 -94.28203630681428
-93.31285291668983 -93.07832771846518
-93.00902799287665 -93.80883617241467
-92.86674484098278 -93.76536014827764
-92.98193733005807 -94.00092312134912
-92.90336521960204 -93.63039834575008
-93.47076516637958 -93.38826105270351
-93.28311760598423 -93.34737241381222
-93.39404197714578 -94.01584076281883
-93.5688884916146 -93.96056210161903
-92.94281030898796 -93.62686987707592
-92.83086242189113 -93.39498689818974
-92.86774875387877 -93.92782604833432
-93.55143221085112 -93.61394863673195
-93.04754918622027 -93.58895715436914
-93.38454015493136 -93.95375689680421
-92.77275134135348 -93.27929619747736
-93.44106384941922 -94.42514973940827
-93.18584130004012 -93.12365966789768
-92.2664535160084 -93.1572061127382
-93.05797216925889 -93.31646798511544
-92.9168846588587 -94.52147471313155
-93.28841445325942 -93.35722304721634
-93.0446007959595 -94.23959038417159
-93.27234300875553 -92.71916542024545
-44.31343881936195 -52.94966484200882
-45.10576977621973 -53.48863178769494
-44.306359016366365 -53.882258277550235
-44.37965428784931 -53.19278466026563
-45.17708937436487 -53.99604138836856
-44.39645864284346 -53.96018081186714
-44.88179784790795 -53.833102919798954
-44.20664306707132 -53.689539478652016
-44.9126929137419 -53.741929342313
-44.567332916848436 -54.02804391296016
-44.83631962545869 -54.169165419771026
-44.84778772985633 -53.45302753222756
-44.79497781012503 -53.306309019325354
-44.84349352032044 -54.30075842937722
-44.77055837929274 -53.706454769133984
-44.719415795845705 -53.673708102469206
-44.874389990236054 -52.90787426879101
-45.06941922903904 -53.68231441382546
-44.943845378647275 -53.21210297283008
-44.30140812291111 -52.783549454168536
-44.87545820956057 -53.75666663916574
-45.07340111650316 -53.55927004295826
-44.76704266767888 -53.6026310421052
-44.286621968520734 -53.44152628443119
-45.01908388655721 -53.861721727459404
-44.18674109594332 -53.61314269787563
-44.72658845772937 -53.50514065295214
-45.310566829243974 -53.938471734091415
-44.82230892327828 -52.950120746803954
-44.05492494879177 -54.04800376229792
-44.59187636535355 -52.82559338414234
-44.749159384669554 -54.29861575300466
-44.860601583638 -52.83079656159041
-44.251606232351016 -53.37295252898329
-44.6802419798585 -53.874472798122824
-45.00277052875668 -53.54842026822427
-43.88006000858711 -54.04576712229526
-44.216631666192306 -53.16524989668068
-44.28288813936851 -53.786008044429465
-44.65453360070333 -53.659317178173126
-44.79207535484357 -54.26627646620153
-45.61552781902363 -53.2519249972459
-44.74160149484422 -54.02150394670906
-44.643288849680715 -53.55997960058431
-44.89376300353744 -53.18647296746702
-44.55104817883114 -54.390552631542086
-44.35197225466435 -53.42550151648351
-44.40870793874308 -53.56183658125432
-44.0453153419917 -54.331283308056946
-44.169504871719816 -53.9408818301328
-44.9333481421034 -53.76891064623937
-44.603308211447164 -53.4377542899744
-44.99699115171713 -53.82506025769014
-43.8437373431393 -54.01034907250056
-44.548819778877466 -53.30295755224406
-45.107509428235566 -53.61034784853696
-44.45917979929602 -53.01399327737918
-44.632468276693224 -53.65444704583406
-43.76763927292786 -53.57041971519466
-44.209735145610146 -53.60742069154741
-44.74823404975901 -53.661240348269864
-45.07288086789007 -52.842389529092344
-44.20408635426177 -54.31373732455279
-45.091756139603106 -53.969114842967635
-45.0442550605595 -53.06360103418081
-44.10552461426772 -53.65524129779351
-44.86981333435311 -53.29040349841332
-43.80238536562784 -53.52244993491324
-44.964492168310215 -54.016068873129186
-45.2204120447668 -53.398395660132095
-44.73207054166012 -53.66470566531852
-44.45184274782223 -53.192287949947314
-44.15823320056406 -52.934220207438855
-44.71493301401471 -53.663476437902574
-44.90183265787855 -54.06824675775612
-44.75212743311347 -53.7125084668633
-44.30577476045826 -54.17195773485647
-44.76251377509663 -53.62046831216367
-44.4300534379525 -54.344749129304965
-44.74697369216762 -52.86663600413426
-43.822985295229586 -54.08896910860337
-44.532706991940245 -53.60345905277757
-44.90005433566287 -53.51494949565603
-45.40130792360394 -53.65829133466556
-43.78656519635364 -53.93793283396816
-44.78974780095263 -54.100885665763954
-43.80305730523786 -53.931836583719594
-44.73607165543675 -53.81170776491771
-44.71647527170933 -53.40338595667478
-44.83494636885775 -53.80343051605524
-44.15116056740053 -54.19665140865414
-44.576766492640225 -53.10444757821469
-44.42138094126942 -53.41186607099006
-44.579825501977616 -53.50936873869289
-44.179373701629736 -53.32959530250986
-44.60327658975173 -53.26031213516328
-44.781676094653406 -53.73859141981541
-44.64519035146012 -54.54309390485797
-44.501253105683375 -53.46001999057271
-44.82885466104968 -53.73056046197611
