75.01469484444401 48.78939196005621
74.17824722168729 44.096314616253444
72.92225311989742 43.250501054352256
76.40307341354426 49.7266826706491
70.59810501507484 50.31201363260979
68.26956288932952 46.68093839358105
73.81212477115155 48.637429330577056
73.26572656965791 46.74447991081064
74.3227101104929 48.69487596243841
70.48821674756252 43.00045029231104
78.33196388254729 48.95476374126595
72.13831982739751 52.19098448300289
76.55414807718006 54.52757538531659
66.9636575080839 49.50695023257441
76.88537369290037 40.68615988938805
69.44682054339243 49.055544811446254
73.83327032749905 47.86742969604459
68.28353000000992 52.45563949251808
75.6222046302755 46.216310935986726
70.57535511598844 53.02897822615505
73.48990728782594 47.59246542590754
71.89521007850888 50.440510909302674
75.38730191538379 44.99159747393666
74.22866853270193 46.272229775240646
73.3420610371203 47.786379757253684
69.58937529203085 41.7048050166143
70.68666314932412 49.2186777253059
74.68260956962405 54.89216784601925
73.16799804718241 48.74132660249161
77.22093353711116 43.57415250093873
73.178165830986 47.39774201207853
74.9785145228586 47.27307825966642
66.48509609427735 49.64849028504341
75.14798922416266 46.72715367057582
73.58919266176156 47.44232552281755
71.04411547432596 50.20507986038816
75.89234800488842 47.59881689305427
77.89654219436643 49.26321677572287
67.89848539535566 45.184202521850374
75.03089520088793 42.93398173157869
76.04507873182534 46.00868616325842
74.55267021513532 48.684718790500455
69.71654858531268 44.36606575256433
70.12615534973428 45.98696273917911
72.93180033958916 46.18392820623486
70.69263357943156 51.991376382158776
76.45283937074848 47.14717960821606
72.22640691995522 48.22652359024448
74.83511659685837 48.12646045111517
78.67567482884752 53.13321761130026
87.57358390166506 -68.63394742618152
91.12613408244563 -65.93217333777667
92.09542354987423 -65.94552570510024
92.7185941682279 -65.98154008155109
90.43984225625155 -69.09517942515924
89.6795411264672 -70.13205114643502
89.62193705042658 -68.1298842679037
93.46284461170873 -69.7474996791581
91.59051815255822 -75.91418843847116
91.12365935675969 -75.17370802301573
93.88031817305725 -74.59701008331352
93.31215732300065 -74.86337768187376
88.10361869094939 -67.10006396423847
90.91253549305044 -76.28874541784542
84.11545248210031 -68.89810424054798
83.42343534597781 -67.40970490194437
91.18083382193797 -67.7858284122949
91.59990107322655 -63.6121263168961
84.32943507635312 -71.31828859519244
96.45685863213984 -69.25416686642549
90.4653150428622 -68.49275483806547
90.58034077458073 -68.16368685155041
94.99255453483553 -64.2646328872223
94.65177839011369 -69.55750921906235
90.71857543251633 -68.00656708963211
92.44543513072736 -68.74581495014729
95.914299639677 -69.64729617223288
89.97713972838433 -69.17059764161053
85.38871182863059 -70.62398369560019
91.05161554708546 -68.6520281236242
92.50768566693374 -67.274288045896
90.73481182765576 -62.36747952775633
84.75913495480891 -69.22108922251466
92.64133326261411 -73.08540794399426
94.40168413819578 -65.63252034098635
94.97598868136944 -65.38390470502544
91.78589723748256 -63.93365902107497
87.46976680642581 -63.91837273381778
93.28371558219095 -73.27237311681445
92.78303625277941 -68.58379346698494
90.63599967205084 -67.94394693422501
93.24311629041559 -72.16326120007533
91.21091486013327 -69.68619547277045
90.62677934774133 -67.85317147145489
90.36292691419887 -68.25362837725936
93.66234905541528 -68.91757422627603
97.48167526434312 -72.56274642811633
93.15381309214796 -62.587216142368845
90.52651772154918 -69.77468788047835
94.39863494855733 -68.75422201636745
-51.972148101599885 24.047658265036716
-54.16942184071832 27.465302959585095
-57.15512738571705 22.446577795710116
-50.366873465156914 30.11180733995582
-54.45437097641542 23.634079614008535
-61.327301940222924 28.677354988058575
-55.596336906224984 29.25792610991874
-54.84723452599442 21.36527389340409
-56.32493935964314 30.830380266269497
-60.09299910589854 23.576556160152663
-58.73833885931817 35.39294226213033
-57.51684494841208 30.30091856972158
-50.771722535585276 26.1540878901078
-57.89113819768662 27.284914110270233
-57.368245172167164 28.033078333714236
-57.65963679817949 26.956244091548193
-55.28651582666408 27.364295005208426
-55.23443953896486 29.498878119929284
-56.49208698928925 29.740006472117322
-52.75808688769693 22.045233637892736
-53.17201631254969 32.85766669694442
-56.74511294073794 29.661775562706225
-49.970065731532436 28.050112189814996
-55.831842392724646 28.873068739299985
-53.50902349533356 24.217736933171054
-52.71325899665091 30.372028805270443
-50.81860981930919 26.81643739692612
-53.52679216663259 27.91766339315976
-52.44847727094316 25.855238828203923
-56.02598440945624 22.381910465927124
-55.45162656981883 28.29264086188285
-51.285925612427164 24.64375653747513
-55.057858097490914 26.371768377218014
-52.115926012276574 24.014493923597605
-51.33809597756486 24.213582092676102
-61.831525654900325 29.903573476590232
-55.43755347307419 27.42332385711768
-55.84491326125518 28.65148143988538
-53.34440404193742 29.728874700622036
-52.146360183955046 21.508744953751645
-60.388357649642735 31.18113361948068
-51.46619361139693 30.54613689445705
-57.298647864515644 31.493060784511663
-54.5929079697079 29.251810493573743
-53.61331171861048 33.494404494876626
-52.34223546811082 23.18124333545783
-56.448315088671066 25.307287946381866
-59.85634732455529 27.823634152192344
-54.401058944881875 26.92191421747038
-53.65903566032806 30.930376906244295
85.25088207837821 -9.105812844963376
82.5285350162968 -7.191572186760862
90.34672383563144 -10.723956143965816
89.91571565901361 -10.673547714093433
94.29217956718608 -14.418436235086492
87.00040145285388 -17.162253030447886
87.30119111763382 -4.6640154039816055
91.4954497568836 -11.32870413043301
86.03296653976955 -16.953449149859058
85.68588551930875 -5.976918130444058
84.11988832408001 -5.593247658822923
93.04583176515193 -3.911373648038108
91.48321620541059 -10.177074565170486
84.66593985521949 -11.995126195924211
89.79031805912297 -2.9327852844262283
89.42416548723895 -10.137309875104433
83.20707038587004 -9.395396281023627
93.18594744147447 -7.316251954655785
95.3921918425749 -9.671194335198644
89.4315374371888 -10.426564276117373
90.06037962289537 -10.79148641412072
89.2420511914016 -9.84101923290517
96.74625411236944 -9.533655017934302
86.18350575620654 -4.334222589547188
86.98606944955912 -16.20557654339502
86.43273152901246 -13.177579943604531
88.3512373918156 -12.435983936440422
88.54353514464438 -8.67067903373524
93.69916578826954 -13.680734680625747
87.88186555820367 -12.096018176657733
92.58593007390017 -11.41110557596654
84.18435318054561 -9.422260044842849
86.5239230014034 -5.509711007075224
90.44959008039692 -9.816946833159996
92.96129904225378 -8.55497700325341
93.185141410961 -5.518105644305806
88.11219509759488 -6.590453661347913
91.08652313177413 -6.219796898690538
91.49173844143682 -10.239584149651387
93.697147539255 -9.780124641904603
82.34617044089076 -9.390153856885805
85.32454703234951 -6.187081415214829
86.04403696758395 -11.55693744402788
89.70075999668829 -3.200593277211551
89.22292779382852 -17.69076552714665
90.45975684222154 -8.914555030445209
94.13200774427496 -14.629312326532844
95.1829411642818 -9.506027931738851
87.09568321619652 -5.136626447165542
92.5564686396581 -7.259538486656943
92.85305108578453 38.24075690494274
94.76427301558786 39.598545242122626
96.52400980706382 37.67333910967715
96.88198765085188 36.24720912863029
98.18337570926882 37.962044359528086
94.55490176543222 39.17294558605161
94.41606915856082 39.60710252383464
95.13587197715404 38.22062002197145
99.90020384626382 37.630035915575945
94.79616063242139 47.30227279613048
93.57488847015081 39.452797096681635
87.54501289435291 37.23745650778838
97.89858272701468 43.10357847583654
95.12589507599829 39.02783262389913
99.85230044637449 44.91877426231474
94.47578991791396 40.55058989086603
92.0193482173886 39.660132417342666
95.11550353035763 38.525603705923835
101.85115182478168 42.069400655998706
89.4092655592737 34.985658222198666
98.12108720544556 41.956405074729496
90.05862756880153 38.82614481965936
92.1117704825978 45.46382020908146
101.75222627892042 40.78854819552179
94.95109250381535 43.06552112481862
93.38514136374104 45.62066613826625
101.77604225688737 39.72599866552445
92.25481089099202 32.724321028132685
95.32491710187185 39.74917310484753
97.75507079604427 37.382274270144144
97.70369859401094 36.072259158852596
95.08573452599185 39.50674670577534
94.83268286724247 38.25092053232766
93.09499026185635 38.92052209397136
89.51246376710752 37.02063266524699
91.72991745140637 36.63962888228305
93.90822499022215 32.384179733591616
91.11873367575454 44.210558868924174
95.09997454851334 34.52568435994455
96.24374015737438 37.15181212048618
96.06949104497708 31.634442979462058
92.92174235028509 41.05286559369523
97.59756941108431 38.736833089365156
94.91665467681305 42.23343309019394
93.44896218036452 33.62294455182996
92.24841062688986 38.53933831854465
97.31832451306761 45.044520712662106
92.74002874840885 42.52733336779698
92.68161705344615 43.70572829727691
94.3193320028421 41.375650780933114
-5.373095878366643 -5.132470964593411
-14.393798115746625 -2.72651779299908
-3.3295331304075093 1.9581251055924236
-8.601716126237442 -0.8100455712982066
-8.521350079082213 -2.0389548477465915
-8.56037393964923 -3.5215804860170064
-14.709526045178961 2.094501078584652
-8.626435227538671 -2.0697773143010285
-10.510735171278789 -2.0656455140953303
-8.385108130047517 -1.8875199253939776
-11.650363865374455 -1.6140385582962937
-8.258495628581048 -2.204983015575848
-8.571705546206402 -2.1421977936455128
-12.090827083685452 0.8317195136746967
-9.15981124404377 -2.154530863416327
-4.097710413392204 0.9000881354949826
-16.048172966809226 -0.4341422197102054
-8.423061172742647 -3.4348605796499188
-4.591169281385268 -1.8662240381129538
-4.974661681156601 0.8618869979981816
-7.575493598203333 -3.294850514510512
-9.790333675003383 0.3282802425667781
-6.930940880796124 -0.05363332150900901
-1.6800915898333022 -3.861315657677522
-14.632781204174346 -1.4237457410438277
-8.176089440606921 0.11444286936441639
-5.626421285321353 -0.14510605445634384
-6.159219764695092 -3.975991205393087
-11.029333927117463 3.3184802953715806
-12.14553238625708 -4.818049620788948
-12.423373482487442 2.6925756015423774
-5.528532811907908 1.7728075384121413
-8.911759125181675 -2.582706148958671
-7.961494078949834 4.132530512047427
-10.1168492219646 -4.178811621180445
-9.362850819791417 -1.5815573646363712
-1.6962546962540177 -3.698757405475729
-6.441840495205174 -6.120240345410811
-8.050116232414993 -0.3095934277448009
-5.483174705738321 -5.764217638545668
-10.329347614324787 -6.655610251855252
-4.9617047994952665 -6.141883914522443
-10.766029768324216 -3.837763362626143
-13.98760390507837 -7.463191285078569
-7.582096465660039 -4.855909563265712
-11.226293773408646 -7.144764926670868
-6.97122496579581 -1.5165993689769557
-6.4746235388854325 -1.6944591475682882
-10.01202845616307 -1.335843496683663
-10.844715678003249 -9.57318176123917
-67.91581624857292 -40.27711525810985
-70.30039522990387 -33.2300691325268
-70.9676388271417 -33.680160422703565
-66.84617345209875 -35.4838211077794
-65.96984194942615 -38.12489952062795
-71.62196004086493 -40.3507415872113
-70.40156283975517 -40.81925048092608
-72.01526930032145 -34.060119799984
-65.81012714306539 -36.8294663746202
-70.63342887704395 -32.10150734842141
-72.62843785922674 -33.04191369771798
-76.42067114146155 -35.78869911392583
-67.95499638813739 -30.001608382687138
-65.44029469449538 -35.83778803809452
-71.50046289401239 -34.555851799645545
-73.87442732406814 -40.456369647510975
-76.64109706545581 -31.186015561455527
-71.11633259381767 -31.741168928308632
-73.12161219173095 -35.981091779624
-67.22170551225977 -36.284587770086524
-70.55128797556053 -32.901264623279395
-69.31044362218454 -36.93556357673623
-71.32985671140878 -41.72220694128228
-66.89110409523022 -34.85041642669948
-69.93135040076028 -31.74757775807216
-72.01877314944092 -36.68388647483288
-74.2848201432594 -33.22637199608934
-73.30308782506978 -31.8875792842336
-73.04399964276327 -30.587804148583665
-78.69361299370703 -33.061175961909065
-76.02507774092763 -27.793944132863967
-75.18673294665044 -39.2449931316285
-65.76510258892964 -33.77540395653967
-73.23088201975125 -40.890732923691985
-70.48949639227517 -34.44546374361628
-70.71335919027281 -33.75951235035664
-77.92846834962096 -35.53998074871883
-70.36150034767 -38.651766615288004
-71.76315937800926 -35.524018515554616
-73.32502632864109 -30.677123271237964
-75.68404672392494 -36.071224986693416
-69.04803545914237 -38.247278197244945
-69.25985337815156 -29.767305655700536
-74.71440650299822 -33.35419615629506
-74.43359173304573 -33.77534662609066
-69.45752401670357 -30.875112248634185
-77.00246243758619 -31.795932212852925
-69.90755985619609 -32.02929586740121
-65.25519062192963 -35.96124045693258
-71.3078657749551 -34.249849431005806
-40.072955244222406 -5.8618798718668765
-38.73294943621078 -4.457265234284941
-31.7625623523978 -8.713429227536768
-33.627944179367454 -0.822158117238895
-32.95073875402568 -1.9787362758477198
-30.95729975983242 -1.5309977377407487
-29.007271067936376 -5.233006411577686
-31.1276505188368 -4.98074258868552
-25.89938603279195 -1.733100193117294
-30.80610667673651 -2.978894933396777
-31.055422243277114 -0.47150464769434475
-30.918883927417696 -6.254135698565806
-35.652256006094454 -5.698073439068592
-29.447480515906957 1.661194551987494
-30.618302286190314 -10.191837885389596
-30.79000460449609 -5.4912944610497085
-27.45254504069572 -8.134986033962193
-32.801792813556695 -4.106349619129603
-30.521582850460522 -3.120895387186826
-26.837433409715786 -2.7610942870126465
-33.7709165437415 -6.7534876098889995
-30.540761418272254 -3.2186802125073375
-31.781926909992315 -3.58815871939124
-31.650300169235294 -5.605077766030002
-28.999484520093343 -4.4130786768273715
-34.03427878280338 -5.562157700667551
-34.068735054449796 -3.7290436534292883
-29.104214084333655 -0.5835241706798753
-29.105125403299954 -2.791562617740134
-38.137088822852235 -10.693514085966207
-33.711293022913225 -4.312920717583666
-31.778908783859293 -12.340945507273446
-31.724589383224405 -5.722834375764986
-31.846349786996736 -2.4080109828315583
-38.16925020581884 -4.646727813388219
-31.451147563458107 -8.057949457499287
-30.02822344527567 -11.741502138062188
-28.3393480139637 -3.9888222348611384
-31.52935020024687 -4.259860232233033
-35.7978434190716 -10.52942552407206
-31.256988824217814 -7.183873554167178
-32.82201997525783 -4.07815082598119
-37.939071066131135 -3.827656683747353
-28.835567048934394 -2.9257708171145484
-34.840460553166444 -7.681150183966903
-28.153211224219064 -5.485300735724158
-28.75230624029524 -7.523065435216171
-38.357662138373016 -3.171913740726721
-32.199140167476976 -5.386676860418703
-33.843993940564516 -7.424780746581629
-46.87252015751062 -55.88360779992144
-46.68865879125228 -53.37557300000479
-46.13840730453842 -53.15631555232474
-46.415573955311814 -55.94082742776419
-48.84742033386684 -49.98522185753113
-44.913322321709416 -59.049403441345504
-41.375925488162 -51.242881828901446
-49.06294868362331 -55.80685055517646
-47.3760785805874 -56.52303958473417
-46.70889848788837 -61.171136899575274
-40.39183975716611 -53.65013987354332
-48.28016073855132 -54.32529943382386
-45.81602027605762 -56.951429404168294
-49.732239096237564 -62.40413103677967
-48.0427504946075 -55.887746811281225
-50.71580511117746 -52.95277976130412
-48.63677007243277 -54.05121605072197
-44.863404435274965 -51.59391454520471
-45.6842174689774 -57.473412204483516
-46.0789163622571 -62.637104358438435
-49.89165700441437 -61.51565190974586
-53.347360158470536 -51.48797053161572
-49.57797830516587 -57.63277257738327
-45.54342210811465 -56.177465880147906
-45.697635398150425 -63.636698168379105
-46.377681734577706 -51.13460574687615
-52.310464823518096 -58.30879550604394
-47.3058485772213 -63.182505361378205
-49.53941551278599 -62.417394892061445
-50.414181347674344 -63.219974216095295
-47.16110387982303 -48.20286865770224
-47.53204271434844 -56.546525892105684
-44.565713111168805 -50.31801178423051
-53.37309564873948 -58.335074554323064
-48.83343021363314 -56.8388130723925
-46.43641521440582 -55.40779097707076
-49.57530283792968 -56.53544084046779
-46.21779401117262 -56.62897302988869
-45.03581504520387 -61.70916599346431
-43.755436001857376 -51.042517938879236
-47.43128487424145 -54.71152741286609
-52.43505958183233 -57.38588107256943
-47.39854876172773 -56.89164873038736
-39.80222774816513 -55.96604320922166
-54.2586926243615 -54.63130843222487
-44.65340113143744 -56.57770245085024
-45.866408491149365 -53.20952160697915
-43.23826765377939 -57.034489169721276
-48.647455965897585 -57.10947265543724
-51.54915816143792 -52.24735478593236
-89.24563933116349 72.22889422277191
-94.83356092238567 65.87435776304113
-91.61889123603898 73.1098580850337
-93.5748369523383 67.66542411459025
-90.67496522122516 76.41539869799269
-92.58330658924304 68.66264279708813
-88.97687242481277 75.24298965774574
-86.56349931587471 70.29350260375777
-96.36261329941797 69.97339155781437
-95.1289810194195 75.42195014239408
-95.62292803094333 76.59335104190627
-92.60196249467353 73.48206999569946
-88.08645999422384 72.02187489500565
-87.8989671521612 76.77618434520947
-86.84409004145074 71.85613807151313
-91.95753318658375 71.55592590420677
-95.9792411997295 65.82363278937991
-90.8154193868744 73.26429765627601
-89.82654128889158 68.93491610990898
-92.27101222710601 70.02746322177569
-90.40143022798073 74.88859988556452
-95.47000527019702 69.89619411461875
-91.66232608307637 73.23622403326578
-95.1757081078006 67.38179315517654
-93.12802884778927 71.6068033013221
-94.00175551856735 67.45697997020966
-97.40766171676977 66.57034441030267
-89.31688591923974 66.58590092347325
-97.87715134959555 71.59687365176399
-90.4798619242839 71.3023062498763
-89.63055891753044 75.5796798095129
-92.61994828892287 71.59874441110149
-92.1574236894815 64.75874611124136
-91.32990356292568 69.14881285243733
-91.89914317800756 67.60189175260709
-94.18015898189363 70.62000952339878
-89.71792858198498 71.87721655103957
-88.88758557747457 70.75251158964586
-84.5220584347214 71.6789341247326
-98.13126659724918 69.52784806696901
-93.1144028207745 70.23230117620706
-90.13635415720672 73.29351842925637
-94.77100402879225 65.89154922844477
-90.18418115171481 71.0294486439959
-89.45248085315988 69.17916906372858
-94.71294585993014 68.18856484781945
-92.37798584412772 78.85805625003901
-85.42436252691323 74.12161528828784
-95.21843090150449 65.32032356690664
-91.18612079975047 72.20819116126547
